# Configuracion:
# Concentracion g/m^3_=_12100.0
# C_Vs_to_Am_M_A/Vsm_=_27341912153.153923
# pendiente_HvsI_1/m_=_3716.3
# ordenada_HvsI_A/m_=_1297.0
# frecuencia_ref_Hz_=_301351.90968955006
# 
Resultados:
# tau_ns_=_(3.45+/-0.14)e+01
# dphi_rad_=_6.35+/-0.00
# SAR_W/g_=_64.76+/-2.62
# Hc_kA/m_=_6.86+/-0.18
# Mr_A/m_=_40.77+/-0.29
# Magnetizacion_max_emu/g_=_12.80+/-0.08
# Suceptibilidad_a_M=0_=_(7.865+/-0.142)e-03

Nombre_archivo	Time_m_(s)	Temperatura_(ºC)	Mr_(A/m)	Hc_(kA/m)	Campo_max_(A/m)	Mag_max_(A/m)	f0	mag0	dphi0	SAR_(W/g)	Tau_(ns)	N	xi_M_0
300kHz_150dA_100Mss_bobN1Eliautoclave0006.txt		20.00	40.52	7.17	57041.50	155.69	3.013345e+05	2.853096e+01	6.352147e+00	68.54	36.481169	4646	7.517e-03
300kHz_150dA_100Mss_bobN1Eliautoclave0007.txt		20.00	40.80	7.13	57041.50	156.74	3.013345e+05	2.873111e+01	6.351817e+00	68.69	36.305381	4646	7.637e-03
300kHz_150dA_100Mss_bobN1Eliautoclave0008.txt		20.00	41.14	7.22	57041.50	155.45	3.013345e+05	2.852771e+01	6.353119e+00	69.50	36.996830	4646	7.620e-03
300kHz_150dA_100Mss_bobN1Eliautoclave0009.txt		20.00	41.14	7.17	57041.50	155.68	3.013345e+05	2.857619e+01	6.351723e+00	68.23	36.256738	4646	7.649e-03
300kHz_150dA_100Mss_bobN1Eliautoclave0010.txt		20.00	41.23	7.08	57041.50	156.34	3.013345e+05	2.871242e+01	6.350849e+00	67.68	35.791942	4646	7.724e-03
300kHz_150dA_100Mss_bobN1Eliautoclave0011.txt		20.00	41.09	7.02	57041.50	155.95	3.013994e+05	2.866435e+01	6.350053e+00	66.79	35.369600	4645	7.749e-03
300kHz_150dA_100Mss_bobN1Eliautoclave0012.txt		20.00	41.08	7.07	57041.50	155.48	3.013345e+05	2.857401e+01	6.351534e+00	68.03	36.155060	4646	7.747e-03
300kHz_150dA_100Mss_bobN1Eliautoclave0013.txt		20.00	41.04	6.96	57041.50	155.12	3.013345e+05	2.856114e+01	6.350842e+00	67.32	35.787698	4646	7.915e-03
300kHz_150dA_100Mss_bobN1Eliautoclave0014.txt		20.00	41.17	7.06	57041.50	154.12	3.013345e+05	2.833273e+01	6.352078e+00	68.00	36.444307	4646	7.691e-03
300kHz_150dA_100Mss_bobN1Eliautoclave0015.txt		20.00	41.02	6.95	57041.50	154.52	3.013345e+05	2.840909e+01	6.349914e+00	66.04	35.295757	4646	7.857e-03
300kHz_150dA_100Mss_bobN1Eliautoclave0016.txt		20.00	40.95	6.95	57041.50	154.43	3.013345e+05	2.840081e+01	6.349954e+00	66.06	35.316760	4646	7.867e-03
300kHz_150dA_100Mss_bobN1Eliautoclave0017.txt		20.00	41.18	7.00	57041.50	153.87	3.013345e+05	2.828937e+01	6.351146e+00	66.98	35.949676	4646	7.819e-03
300kHz_150dA_100Mss_bobN1Eliautoclave0018.txt		20.00	40.95	6.99	57041.50	154.58	3.013345e+05	2.837840e+01	6.350441e+00	66.49	35.575616	4646	7.724e-03
300kHz_150dA_100Mss_bobN1Eliautoclave0019.txt		20.00	41.05	6.96	57041.50	152.90	3.013994e+05	2.815351e+01	6.350441e+00	65.98	35.574917	4645	7.806e-03
300kHz_150dA_100Mss_bobN1Eliautoclave0020.txt		20.00	40.90	6.90	57041.50	153.56	3.013345e+05	2.826925e+01	6.349864e+00	65.67	35.269321	4646	7.905e-03
300kHz_150dA_100Mss_bobN1Eliautoclave0021.txt		20.00	40.98	6.86	57041.50	155.71	3.013345e+05	2.860572e+01	6.349113e+00	65.70	34.870399	4646	7.874e-03
300kHz_150dA_100Mss_bobN1Eliautoclave0022.txt		20.00	40.87	6.91	57041.50	153.49	3.013994e+05	2.824496e+01	6.349339e+00	65.11	34.990713	4645	7.822e-03
300kHz_150dA_100Mss_bobN1Eliautoclave0023.txt		20.00	40.79	6.87	57041.50	153.91	3.013345e+05	2.831294e+01	6.349362e+00	65.27	35.003208	4646	7.891e-03
300kHz_150dA_100Mss_bobN1Eliautoclave0024.txt		20.00	40.65	6.83	57041.50	153.80	3.013994e+05	2.829669e+01	6.348476e+00	64.38	34.532615	4645	7.866e-03
300kHz_150dA_100Mss_bobN1Eliautoclave0025.txt		20.00	40.77	6.82	57041.50	154.46	3.013345e+05	2.841269e+01	6.348274e+00	64.43	34.426242	4646	7.990e-03
300kHz_150dA_100Mss_bobN1Eliautoclave0026.txt		20.00	40.52	6.76	57041.50	154.51	3.013994e+05	2.841274e+01	6.346643e+00	62.83	33.560874	4645	7.947e-03
300kHz_150dA_100Mss_bobN1Eliautoclave0027.txt		20.00	40.68	6.80	57041.50	154.26	3.013345e+05	2.838160e+01	6.348176e+00	64.26	34.373817	4646	7.956e-03
300kHz_150dA_100Mss_bobN1Eliautoclave0028.txt		20.00	40.87	6.78	57041.50	154.38	3.013994e+05	2.840093e+01	6.348183e+00	64.33	34.377293	4645	7.958e-03
300kHz_150dA_100Mss_bobN1Eliautoclave0029.txt		20.00	40.80	6.83	57041.50	153.93	3.013345e+05	2.832377e+01	6.348507e+00	64.46	34.549786	4646	7.942e-03
300kHz_150dA_100Mss_bobN1Eliautoclave0030.txt		20.00	40.43	6.71	57041.50	153.79	3.013994e+05	2.831548e+01	6.345447e+00	61.44	32.926217	4645	7.970e-03
300kHz_150dA_100Mss_bobN1Eliautoclave0031.txt		20.00	40.60	6.73	57041.50	156.01	3.013345e+05	2.864452e+01	6.346350e+00	63.04	33.405500	4646	8.032e-03
300kHz_150dA_100Mss_bobN1Eliautoclave0032.txt		20.00	40.56	6.71	57041.50	154.62	3.013994e+05	2.843756e+01	6.346436e+00	62.68	33.450901	4645	8.006e-03
300kHz_150dA_100Mss_bobN1Eliautoclave0033.txt		20.00	40.43	6.65	57041.50	155.97	3.013345e+05	2.869407e+01	6.344876e+00	61.67	32.623746	4646	7.875e-03
300kHz_150dA_100Mss_bobN1Eliautoclave0034.txt		20.00	40.56	6.70	57041.50	155.09	3.013345e+05	2.851691e+01	6.346160e+00	62.57	33.304894	4646	8.004e-03
300kHz_150dA_100Mss_bobN1Eliautoclave0035.txt		20.00	40.47	6.70	57041.50	154.63	3.013345e+05	2.845514e+01	6.345658e+00	61.93	33.038390	4646	7.986e-03
300kHz_150dA_100Mss_bobN1Eliautoclave0036.txt		20.00	40.40	6.69	57041.50	154.41	3.013345e+05	2.838655e+01	6.345919e+00	62.04	33.176752	4646	8.029e-03
300kHz_150dA_100Mss_bobN1Eliautoclave0037.txt		20.00	40.20	6.60	57041.50	155.87	3.013345e+05	2.862075e+01	6.344219e+00	60.86	32.275432	4646	7.727e-03
300kHz_150dA_100Mss_bobN1Eliautoclave0038.txt		20.00	40.38	6.64	57041.50	155.05	3.013345e+05	2.850844e+01	6.345025e+00	61.42	32.703066	4646	8.031e-03
300kHz_150dA_100Mss_bobN1Eliautoclave0039.txt		20.00	40.78	6.65	57041.50	154.81	3.013345e+05	2.847527e+01	6.346261e+00	62.58	33.358435	4646	8.126e-03
300kHz_150dA_100Mss_bobN1Eliautoclave0040.txt		20.00	40.40	6.58	57041.50	156.22	3.013345e+05	2.872154e+01	6.344640e+00	61.50	32.498442	4646	8.090e-03
300kHz_150dA_100Mss_bobN1Eliautoclave0041.txt		20.00	40.18	6.50	57041.50	155.82	3.013345e+05	2.865726e+01	6.342215e+00	58.94	31.212944	4646	7.792e-03
